	cohesion	entropy	frequency
模样	0.00130994893702	4.54657541462	314.0
左右	0.00100523696029	4.2284551575	248.0
玄奘	0.00276260052796	3.86310750975	180.0
葫芦	0.00462962962963	3.84112124338	180.0
吩咐	0.00378720634357	3.78488229089	256.0
壁厢	0.00166006413884	3.75612093178	176.0
弼马温	0.00502461033634	3.58754601446	98.0
证诗曰	0.00221238938053	3.57931235876	100.0
乾坤	0.00720046082949	3.53065654579	100.0
烦恼	0.00146627565982	3.52641142245	120.0
纷纷	0.00222222222222	3.50650258506	72.0
慈悲	0.0015625	3.50456667886	104.0
揭谛	0.0030303030303	3.42104676219	168.0
孽畜	0.00318829707427	3.39484349255	102.0
郡侯	0.00564652738566	3.3854581747	80.0
买卖	0.00120051914341	3.33450416476	74.0
猢狲	0.00804597701149	3.28784545567	112.0
毫毛	0.00106655290102	3.2122871286	220.0
奶奶	0.00356833910035	3.21064441228	66.0
容易	0.00111193476649	3.18390250082	72.0
尘埃	0.00294715447154	3.17608281466	58.0
披挂	0.00107933081489	3.17119723205	80.0
换关文	0.00124688279302	3.14330445666	96.0
战兢兢	0.001	3.1156805183	206.0
场好杀	0.00101273148148	3.11547502488	56.0
强盗	0.00112981143837	3.080476307	58.0
踪迹	0.00286069651741	3.07522054805	46.0
紧箍儿咒	0.00119200440125	3.04482048246	52.0
峥嵘	0.0238095238095	3.04452243772	42.0
刺史	0.00564236111111	3.02469555386	52.0
逍遥	0.00492424242424	3.02469555386	52.0
须臾	0.00135135135135	2.99103358667	146.0
哪吒	0.00482230149293	2.98903786638	146.0
倘或	0.00149572649573	2.97850842053	42.0
瑞霭	0.0031976744186	2.96501569326	44.0
惫懒	0.00819672131148	2.95042586374	60.0
悚惧	0.0035409035409	2.94639677324	58.0
朦胧	0.0197916666667	2.94443897917	38.0
刘洪	0.00209137709138	2.93818245469	52.0
流沙河	0.001287001287	2.936120407	56.0
喧哗	0.00961538461538	2.91249440333	42.0
巍巍	0.00323176361958	2.91249440333	42.0
宇宙	0.00714285714286	2.87147611805	38.0
驿丞	0.00256472887152	2.86266124678	84.0
罗刹	0.00123583313238	2.86200899162	164.0
魂飞魄散	0.00177462289264	2.85710283744	40.0
瑶池	0.00146853146853	2.84648038613	42.0
妈妈	0.0030487804878	2.83870864426	82.0
商量	0.00123241989271	2.83321334406	34.0
伯钦	0.00294044044044	2.82726519818	94.0
罗地网	0.00141065830721	2.8133554045	36.0
萧瑀	0.0205949656751	2.8133554045	36.0
查勘	0.00520833333333	2.8133554045	36.0
殷勤	0.00738150738151	2.79851325694	38.0
穿一领	0.00108397991785	2.79851325694	38.0
密密	0.00156157049375	2.78046636894	42.0
拽开步	0.00138408304498	2.77371797502	48.0
诚所谓	0.00221361372441	2.77258872224	32.0
褊衫	0.0178571428571	2.77258872224	32.0
狐狸	0.00501253132832	2.77258872224	32.0
朋友	0.008	2.7616257122	40.0
惠岸	0.00226704190119	2.75757070513	58.0
南赡部洲	0.00117924528302	2.75191596903	48.0
鞍辔	0.00752508361204	2.73633905111	36.0
色将晚	0.00121753246753	2.73633905111	36.0
荆棘	0.0106837606838	2.73340177781	50.0
缰绳	0.00135791881075	2.72555039583	38.0
伺候	0.00393700787402	2.71296217305	44.0
乔松	0.001875	2.7080502011	30.0
通关文牒	0.00114155251142	2.7080502011	30.0
旌旗	0.00307443365696	2.69801101984	38.0
商议	0.0045045045045	2.69801101984	38.0
碗来粗细	0.00155763239875	2.68917816652	44.0
嫂嫂	0.00558842866535	2.67011988981	34.0
峻岭	0.00120158326265	2.67011988981	34.0
琉璃	0.0147058823529	2.66506907313	46.0
凤仙郡	0.0030487804878	2.65932269771	36.0
幽冥	0.00255102040816	2.64843833455	42.0
慌了手脚	0.00110619469027	2.61563057703	30.0
蓬莱	0.00459887583035	2.58230634431	36.0
御花园	0.00108745421245	2.57962467361	38.0
苏醒	0.00341005967604	2.56659891811	32.0
功绩	0.00134575569358	2.56494935746	26.0
铜锤	0.00187969924812	2.56494935746	26.0
侍婢	0.00211038961039	2.56494935746	26.0
森森	0.00181448686312	2.56311743424	50.0
奏道万岁	0.00128360012081	2.55779386011	34.0
怠慢	0.00258937520882	2.55560845786	62.0
艳艳	0.00198373338623	2.55368155803	40.0
险峻	0.00297619047619	2.55323700299	36.0
摩昂	0.001953125	2.55323700299	36.0
响喨	0.00193584070796	2.54003630382	28.0
值功曹	0.00337937114311	2.53275753718	46.0
祭赛	0.00258541089566	2.52693272738	56.0
牵马挑担	0.00264628050573	2.52416766167	36.0
呐喊	0.00404858299595	2.51265852953	32.0
蓬元帅	0.00180627681192	2.51265852953	32.0
城隍	0.00103092783505	2.5066618125	38.0
掀翻	0.00129533678756	2.5066618125	38.0
缤纷	0.00555555555556	2.48490664979	24.0
飘飘荡荡	0.00309757356737	2.48490664979	24.0
豪杰	0.010101010101	2.48490664979	24.0
剿除	0.00231124807396	2.48490664979	24.0
包裹	0.00108499095841	2.48490664979	24.0
陈澄	0.0017825311943	2.48490664979	24.0
幌一幌	0.00186631944444	2.4670995695	86.0
犀牛	0.00106447688564	2.4665771436	42.0
龟蛇	0.00225694444444	2.45831132968	26.0
钺斧	0.00597426470588	2.45831132968	26.0
争竞	0.0021623419827	2.45831132968	26.0
崎岖	0.0357142857143	2.45831132968	26.0
排筵宴	0.00100574712644	2.44101527803	28.0
昂昂	0.001708984375	2.44101527803	28.0
漠漠	0.0060553633218	2.44101527803	28.0
甘露	0.00156772575251	2.43079132888	30.0
簇簇	0.0013696128561	2.43079132888	30.0
梆铃	0.00308641975309	2.42601513196	32.0
俯伏	0.00114942528736	2.40056312641	42.0
沐浴	0.0120320855615	2.3992042962	36.0
鹤唳	0.00484154929577	2.3978952728	22.0
亲戚	0.00110663983903	2.3978952728	22.0
赛太岁	0.00265957446809	2.3978952728	22.0
霹雳	0.0454545454545	2.3978952728	22.0
毗卢帽	0.00632183908046	2.3978952728	22.0
谨慎	0.00645539906103	2.3978952728	22.0
潺潺	0.00713436385256	2.36938211969	24.0
迭迭	0.00156087408949	2.36938211969	24.0
吆吆喝喝	0.00158227848101	2.36938211969	24.0
尾巴	0.001221001221	2.36938211969	24.0
牛贺洲	0.00168444693992	2.36938211969	24.0
防备	0.00110619469027	2.36938211969	24.0
宽阔	0.00126236061435	2.36938211969	24.0
吟吟	0.00114926987561	2.35984925216	34.0
护教伽蓝	0.00200803212851	2.3516733019	26.0
吊桶	0.00298438934803	2.3516733019	26.0
僮仆	0.0126953125	2.3516733019	26.0
弥勒	0.00178850883076	2.33937173439	32.0
鹅笼	0.00137741046832	2.31142344469	26.0
善哉善哉	0.00140056022409	2.30461938482	28.0
烘烘	0.00405624661979	2.30348849522	30.0
庙宇	0.00134770889488	2.30258509299	20.0
磷磷	0.0125	2.30258509299	20.0
鲤鱼	0.0016149870801	2.30258509299	20.0
壮丽	0.00223214285714	2.30258509299	20.0
颈项	0.00338669950739	2.2718685127	22.0
玛瑙	0.0454545454545	2.2718685127	22.0
吵闹	0.00150684931507	2.2718685127	22.0
七星剑	0.0012987012987	2.2718685127	22.0
锦襕袈裟	0.00208728652751	2.2718685127	22.0
脓包	0.00151348376445	2.2718685127	22.0
慈悯	0.00211538461538	2.2718685127	22.0
六街三市	0.00115207373272	2.2718685127	22.0
仰视	0.00298913043478	2.2718685127	22.0
思凡下界	0.00190839694656	2.2718685127	22.0
悠悠	0.00813609467456	2.2718685127	22.0
窗棂	0.00877192982456	2.2718685127	22.0
嵯峨	0.0208333333333	2.2538575896	24.0
哮吼	0.00595238095238	2.2538575896	24.0
六丁六甲	0.00115207373272	2.24679920517	40.0
混沌	0.00653594771242	2.22002532783	32.0
暴纱亭	0.00416666666667	2.21025357762	24.0
杨柳枝	0.00237906423473	2.21025357762	24.0
缭绕	0.00549450549451	2.19722457734	18.0
草还丹	0.00111524163569	2.19722457734	18.0
骁勇	0.0100446428571	2.19722457734	18.0
洗浴	0.00119236883943	2.19722457734	18.0
丝绦	0.00135135135135	2.19722457734	18.0
辉煌	0.00375939849624	2.19722457734	18.0
寂寂	0.00120935232464	2.19722457734	18.0
狡兔	0.00595238095238	2.19722457734	18.0
锁梃	0.00357142857143	2.19722457734	18.0
祷祝	0.00416666666667	2.19722457734	18.0
芍药	0.00263157894737	2.19722457734	18.0
骨软筋麻	0.00176056338028	2.19722457734	18.0
苍蝇	0.00535077288942	2.19143391054	54.0
简帖	0.0030959752322	2.1831872696	36.0
窝巢	0.002079002079	2.16395565688	20.0
鹰犬	0.00212585034014	2.16395565688	20.0
丫鬟	0.00892857142857	2.16395565688	20.0
措手不及	0.00306748466258	2.16395565688	20.0
刷洗	0.00140765765766	2.16395565688	20.0
叮咛	0.00980392156863	2.16395565688	20.0
赭黄袍	0.00806451612903	2.16395565688	20.0
雌雄	0.00210084033613	2.16395565688	20.0
章字数	0.00129198966408	2.14750778543	200.0
愈加	0.00257129499766	2.14584175259	22.0
敖顺	0.00147741663149	2.14395220064	28.0
降龙伏虎	0.00108430468962	2.13338193026	32.0
慈云寺	0.00138888888889	2.09827373953	22.0
幌金绳	0.00152608213097	2.09827373953	22.0
必迟疑	0.00124164278892	2.09814738914	26.0
孤拐	0.00130123617437	2.09635257946	32.0
陈家庄	0.00178571428571	2.09472904753	24.0
劳碌	0.00246913580247	2.07944154168	16.0
冒犯	0.00123724095268	2.07944154168	16.0
瀛洲	0.00263157894737	2.07944154168	16.0
忧虑	0.00130718954248	2.07944154168	16.0
崔巍	0.00212652844232	2.07944154168	16.0
勉强	0.00175669740887	2.07944154168	16.0
携手相搀	0.00561797752809	2.07944154168	16.0
灰烬	0.0116959064327	2.07944154168	16.0
挺挺	0.00127551020408	2.07944154168	16.0
霭霭	0.00216333153056	2.07944154168	16.0
芳菲	0.0113636363636	2.07944154168	16.0
疼痛难禁	0.00257898130239	2.07944154168	16.0
端肃	0.0018315018315	2.07944154168	16.0
灿烂	0.00345125107852	2.07944154168	16.0
辉辉	0.00123114804555	2.07944154168	16.0
踊跃	0.017094017094	2.07944154168	16.0
梳妆	0.00390625	2.07944154168	16.0
利刃	0.0010395010395	2.07944154168	16.0
黎庶	0.0042328042328	2.07944154168	16.0
茅屋	0.00121322414316	2.07944154168	16.0
御马监	0.00223214285714	2.07944154168	16.0
智慧	0.00307692307692	2.07944154168	16.0
波涛	0.00197238658777	2.07944154168	16.0
雕鞍	0.00187617260788	2.07944154168	16.0
逞英雄	0.0031746031746	2.07944154168	16.0
极乐世界	0.00190839694656	2.07944154168	16.0
反为不美	0.00308641975309	2.07944154168	16.0
招赘	0.00354609929078	2.07944154168	16.0
九头虫	0.0012539184953	2.07944154168	16.0
潜踪	0.00157109190888	2.07944154168	16.0
狂风滚滚	0.00216216216216	2.07944154168	16.0
稀烂	0.00113058224986	2.07944154168	16.0
针线	0.0014880952381	2.07944154168	16.0
飘飖	0.00298284862043	2.07944154168	16.0
巢穴	0.00317965023847	2.07944154168	16.0
困倦	0.00248447204969	2.07944154168	16.0
唿喇喇	0.00282485875706	2.07944154168	16.0
腾云驾雾	0.0021645021645	2.05789753192	26.0
芙蓉	0.0555555555556	2.04319187055	18.0
播土扬尘	0.00228658536585	2.04319187055	18.0
阿傩伽叶	0.00416666666667	2.04319187055	18.0
恕罪恕罪	0.00184501845018	2.04319187055	18.0
狻猊	0.05	2.04319187055	18.0
皇宫内院	0.00215517241379	2.04319187055	18.0
绑缚	0.00116943866944	2.04319187055	18.0
九齿钉钯	0.00132978723404	2.04319187055	18.0
眷族	0.00692307692308	2.04319187055	18.0
烈烈	0.0018	2.04319187055	18.0
劲节	0.00378787878788	2.04319187055	18.0
潇潇	0.00850661625709	2.04319187055	18.0
寂寞	0.00819672131148	2.04319187055	18.0
呻吟	0.00523255813953	2.04319187055	18.0
迎迓	0.00112079701121	2.04319187055	18.0
字数话表	0.00123762376238	2.03175921857	26.0
摇摇摆摆	0.00179211469534	2.03175921857	26.0
肉眼凡胎	0.00308641975309	2.026229623	30.0
松篁	0.00153846153846	2.02532622077	20.0
鳜婆	0.00134529147982	2.02280852941	24.0
半云半雾	0.0010101010101	2.02280852941	24.0
呵呵	0.00135030864198	1.99921203624	112.0
麒麟	0.0294117647059	1.99279814411	32.0
埋怨	0.00290275761974	1.98306916317	40.0
湾环	0.00253164556962	1.97300140639	20.0
井木犴	0.00471698113208	1.97300140639	20.0
遭瘟	0.00251509054326	1.97300140639	20.0
挂碍	0.00117647058824	1.97300140639	20.0
姓甚名谁	0.00277777777778	1.97224697942	22.0
社稷	0.0176282051282	1.97224697942	22.0
毂辘	0.0187747035573	1.95508390666	38.0
胜神洲	0.00150956055015	1.95052687404	36.0
哈哈	0.00437317784257	1.94667220121	42.0
躘踵	0.0336538461538	1.94591014906	14.0
奋怒	0.00152240104393	1.94591014906	14.0
永注	0.00131578947368	1.94591014906	14.0
凄凉	0.00175175175175	1.94591014906	14.0
鸳鸯	0.05	1.94591014906	14.0
皇后嫔妃	0.00215517241379	1.94591014906	14.0
功折罪	0.00144927536232	1.94591014906	14.0
银安殿	0.0010101010101	1.94591014906	14.0
捕获	0.00397727272727	1.94591014906	14.0
黄鹂	0.00134408602151	1.94591014906	14.0
财帛	0.00466666666667	1.94591014906	14.0
狼狈	0.0045871559633	1.94591014906	14.0
巡逻	0.00508720930233	1.94591014906	14.0
赏玩	0.00126811594203	1.94591014906	14.0
挨挨	0.00151909722222	1.94591014906	14.0
棺材	0.0119047619048	1.94591014906	14.0
麋鹿	0.00490196078431	1.94591014906	14.0
丛丛	0.00111607142857	1.94591014906	14.0
英豪	0.0011655011655	1.94591014906	14.0
泪如泉涌	0.00265957446809	1.94591014906	14.0
螃蟹	0.0135135135135	1.94591014906	14.0
尝尝	0.00180785123967	1.94591014906	14.0
蓬瀛	0.00212378640777	1.94591014906	14.0
摆开阵势	0.00201496833621	1.94591014906	14.0
煅炼	0.00344149459194	1.94591014906	14.0
蔬菜	0.0037037037037	1.94591014906	14.0
銮宝殿	0.0010101010101	1.94591014906	14.0
薜萝	0.0134099616858	1.94591014906	14.0
虎豹狼虫	0.0014245014245	1.94591014906	14.0
整一整	0.00204678362573	1.94591014906	14.0
智渊寺	0.00151515151515	1.94591014906	14.0
影无形	0.00238257317903	1.94591014906	14.0
慌慌张张	0.00114716486398	1.94591014906	14.0
冉冉	0.0178571428571	1.94591014906	14.0
木禽星	0.00100200400802	1.94591014906	14.0
堪夸	0.00105868118572	1.94591014906	14.0
胭脂	0.0194444444444	1.94591014906	14.0
郁郁	0.00480109739369	1.94591014906	14.0
犯天条	0.00105740181269	1.94591014906	14.0
朱太尉	0.00202898550725	1.94591014906	14.0
滋味	0.00303819444444	1.94591014906	14.0
丹桂	0.00110340479193	1.94591014906	14.0
懒惰	0.00573770491803	1.94591014906	14.0
孜孜	0.015625	1.90615474654	16.0
跷蹊	0.0242424242424	1.90615474654	16.0
寒噤	0.00304414003044	1.90615474654	16.0
柴扉	0.00498132004981	1.90615474654	16.0
旷野	0.00273410799727	1.90615474654	16.0
鬼神愁	0.00171232876712	1.90615474654	16.0
恭敬	0.00161160354553	1.90615474654	16.0
登基	0.00118308192842	1.90615474654	16.0
獐鹿	0.0010055304173	1.90615474654	16.0
呼风唤雨	0.0016501650165	1.90615474654	16.0
叔叔	0.00390625	1.90615474654	16.0
锅灶	0.00158604282316	1.90615474654	16.0
藤萝	0.00188946622579	1.90615474654	16.0
爹爹	0.00756143667297	1.90615474654	16.0
凤凰	0.0030487804878	1.90615474654	16.0
江湖	0.00105485232068	1.90615474654	16.0
粗鲁	0.0013468013468	1.90615474654	16.0
色已晚	0.0014880952381	1.90615474654	16.0
亘古	0.00219298245614	1.90615474654	16.0
九环锡杖	0.00132978723404	1.90615474654	16.0
调雨顺	0.00340136054422	1.90615474654	16.0
狼虫虎豹	0.0045871559633	1.90615474654	16.0
半个不字	0.0010101010101	1.89892678934	30.0
展开翅	0.00278904665314	1.89378823239	22.0
蹭蹬	0.02	1.88915916375	18.0
魍魉	0.0555555555556	1.88915916375	18.0
翡翠	0.00373134328358	1.88915916375	18.0
濯垢泉	0.00561797752809	1.88915916375	18.0
跌脚捶胸	0.00308641975309	1.88915916375	18.0
丹墀	0.00204918032787	1.88915916375	18.0
葡萄	0.05	1.88915916375	18.0
慈大悲	0.00384615384615	1.88915916375	18.0
哀告	0.00107296137339	1.88203932863	42.0
毗蓝	0.0031746031746	1.87351052065	36.0
咬着牙	0.00204402515723	1.83929674798	26.0
疑惑	0.00228937728938	1.83437197028	20.0
静悄悄	0.00112007168459	1.83437197028	20.0
敖闰	0.0108695652174	1.83102048111	18.0
絮絮叨叨	0.0166666666667	1.83102048111	18.0
胆战心惊	0.00104821802935	1.83102048111	18.0
脊背	0.00107501194458	1.83102048111	18.0
顷刻	0.00396825396825	1.81706077177	64.0
渔翁	0.00318133616119	1.81430751961	24.0
追袭	0.00412087912088	1.79175946923	12.0
虹霓	0.0133928571429	1.79175946923	12.0
惭愧	0.0177514792899	1.79175946923	12.0
猖狂	0.00230414746544	1.79175946923	12.0
庵观寺院	0.0030303030303	1.79175946923	12.0
猖獗	0.0357142857143	1.79175946923	12.0
阿傩迦叶	0.00416666666667	1.79175946923	12.0
黄金宝塔	0.00134408602151	1.79175946923	12.0
奇葩	0.00460829493088	1.79175946923	12.0
猩猩	0.0177514792899	1.79175946923	12.0
羞不羞	0.00230769230769	1.79175946923	12.0
梳洗	0.00168918918919	1.79175946923	12.0
蔼蔼	0.00680272108844	1.79175946923	12.0
幽雅	0.00102040816327	1.79175946923	12.0
鹰愁陡涧	0.00340136054422	1.79175946923	12.0
轮枪舞剑	0.00233644859813	1.79175946923	12.0
飞禽走兽	0.00109170305677	1.79175946923	12.0
久年深	0.00196078431373	1.79175946923	12.0
狼犺	0.0045871559633	1.79175946923	12.0
魄散魂飞	0.00109170305677	1.79175946923	12.0
熊罴	0.0178571428571	1.79175946923	12.0
殷小姐	0.0018315018315	1.79175946923	12.0
忧履	0.00110294117647	1.79175946923	12.0
煎熬	0.0027027027027	1.79175946923	12.0
嚷嚷闹闹	0.00314465408805	1.79175946923	12.0
飕飕	0.0048	1.79175946923	12.0
丰采	0.00109569028488	1.79175946923	12.0
徐茂功	0.00144927536232	1.79175946923	12.0
臭虫	0.00103448275862	1.79175946923	12.0
苔藓	0.0166666666667	1.79175946923	12.0
脓血	0.00124223602484	1.79175946923	12.0
炎热	0.00245098039216	1.79175946923	12.0
叆叇	0.0384615384615	1.79175946923	12.0
谷丰登	0.00340136054422	1.79175946923	12.0
蔓菁	0.047619047619	1.79175946923	12.0
琪花瑶草	0.00185873605948	1.79175946923	12.0
怜悯	0.00129310344828	1.79175946923	12.0
左遮右挡	0.00187265917603	1.79175946923	12.0
呼呼风响	0.00191570881226	1.79175946923	12.0
扢挞藤	0.00587084148728	1.79175946923	12.0
渺渺茫茫	0.0121951219512	1.79175946923	12.0
孤布金寺	0.00151515151515	1.79175946923	12.0
皎洁	0.00882352941176	1.79175946923	12.0
雷霆	0.00186567164179	1.79175946923	12.0
蟹鳖	0.00405405405405	1.79175946923	12.0
登彼岸	0.00255102040816	1.79175946923	12.0
突兀	0.015	1.79175946923	12.0
姊妹	0.00877192982456	1.79175946923	12.0
粗糙	0.00272727272727	1.79175946923	12.0
留春亭	0.00182481751825	1.79175946923	12.0
尺长短	0.00107142857143	1.79175946923	12.0
咆哮	0.0208333333333	1.79175946923	12.0
抖擞神威	0.00294117647059	1.79175946923	12.0
元始天尊	0.00213675213675	1.79175946923	12.0
咨牙	0.00314465408805	1.79175946923	12.0
仁义	0.00205902539465	1.79175946923	12.0
搅扰	0.00186335403727	1.79175946923	12.0
粘涎	0.0214285714286	1.79175946923	12.0
斑斓猛虎	0.0014245014245	1.79175946923	12.0
蟭蟟虫	0.00344827586207	1.74854715517	36.0
默默	0.00462962962963	1.74815545725	24.0
拂云叟	0.0147058823529	1.74815545725	24.0
姐姐	0.00111383381599	1.74806734855	20.0
瞌睡虫	0.00246305418719	1.74806734855	20.0
佯输	0.00486111111111	1.74786809747	14.0
牢拴	0.00123456790123	1.74786809747	14.0
佇立	0.00147306397306	1.74786809747	14.0
晃亮	0.00198075834748	1.74786809747	14.0
钱钞	0.00326492537313	1.74786809747	14.0
普陀岩	0.00317028985507	1.74786809747	14.0
涅槃	0.0416666666667	1.74786809747	14.0
芝兰	0.00301724137931	1.74786809747	14.0
器皿	0.00220264317181	1.74786809747	14.0
摇旗擂鼓	0.00179211469534	1.74786809747	14.0
珊瑚	0.0625	1.74786809747	14.0
饥渴	0.00149572649573	1.74786809747	14.0
披香殿	0.0010101010101	1.74786809747	14.0
古怪刁钻	0.00219298245614	1.74786809747	14.0
笙歌	0.0054347826087	1.74786809747	14.0
照妖镜	0.0026455026455	1.74786809747	14.0
酥合香油	0.00390625	1.74786809747	14.0
绵布直裰	0.00588235294118	1.74786809747	14.0
蘑菇	0.0486111111111	1.74786809747	14.0
解上卷第	0.0010162601626	1.74294278315	96.0
斜倚	0.00117543344108	1.7328679514	16.0
蛾眉	0.00421496311907	1.7328679514	16.0
沉沦	0.00386473429952	1.7328679514	16.0
祇园	0.00111111111111	1.7328679514	16.0
硬着胆	0.00244051250763	1.7328679514	16.0
束一束	0.0033185840708	1.71408754119	30.0
嘻嘻	0.00655864197531	1.71154728629	34.0
喏喏	0.00114784205693	1.69574253417	20.0
狮驼	0.00256937307297	1.69574253417	40.0
试试	0.00113378684807	1.67698777432	18.0
抖一抖	0.00105708245243	1.67698777432	18.0
谨遵	0.00109276347742	1.67698777432	18.0
解下卷第	0.0010162601626	1.67438926704	102.0
带挈	0.0013201320132	1.66746193343	16.0
趋步	0.00125825731362	1.66746193343	16.0
赌输赢	0.00181405895692	1.66746193343	16.0
费了多少	0.00132978723404	1.66746193343	16.0
腮边泪	0.00141843971631	1.66746193343	16.0
泪汪汪	0.0022504091653	1.66633258533	22.0
比丘尼	0.00227272727273	1.64341771979	20.0
忍耐	0.00100619195046	1.63134542081	26.0
冰肌	0.00333333333333	1.60943791243	10.0
兽飞禽	0.00101461038961	1.60943791243	10.0
搜检	0.00239463601533	1.60943791243	10.0
月牙铲	0.00125313283208	1.60943791243	10.0
冰冻	0.00114942528736	1.60943791243	10.0
合卺	0.00142045454545	1.60943791243	10.0
采猎	0.00160875160875	1.60943791243	10.0
冤屈	0.00165343915344	1.60943791243	10.0
晏河清	0.0014245014245	1.60943791243	10.0
钗环	0.00197784810127	1.60943791243	10.0
设香案	0.00119904076739	1.60943791243	10.0
邓沙馅	0.0192307692308	1.60943791243	10.0
六院嫔妃	0.00115207373272	1.60943791243	10.0
沉疴	0.0036231884058	1.60943791243	10.0
锦香亭	0.00163612565445	1.60943791243	10.0
计就计	0.00226244343891	1.60943791243	10.0
敲着锣	0.00385802469136	1.60943791243	10.0
油腻	0.001220703125	1.60943791243	10.0
催促	0.00272331154684	1.60943791243	10.0
抹抹脸	0.00194552529183	1.60943791243	10.0
避妖楼	0.00210970464135	1.60943791243	10.0
沽酒	0.00119047619048	1.60943791243	10.0
俯囟	0.0102040816327	1.60943791243	10.0
半开半掩	0.0010101010101	1.60943791243	10.0
樱唇	0.00649350649351	1.60943791243	10.0
劳致谢	0.00107991360691	1.60943791243	10.0
持斋把素	0.00245098039216	1.60943791243	10.0
貌堂堂	0.00227686703097	1.60943791243	10.0
楼台殿阁	0.00210970464135	1.60943791243	10.0
跃浪翻波	0.00295857988166	1.60943791243	10.0
跋涉	0.0208333333333	1.60943791243	10.0
凄凄惨惨	0.0128205128205	1.60943791243	10.0
劈头就砍	0.00132275132275	1.60943791243	10.0
跌跌爬爬	0.00308641975309	1.60943791243	10.0
踌躇	0.1	1.60943791243	10.0
排素宴	0.00115740740741	1.60943791243	10.0
踢天弄井	0.00471698113208	1.60943791243	10.0
树摧林	0.00126262626263	1.60943791243	10.0
轰轰	0.00865051903114	1.60943791243	10.0
抵赖	0.00111607142857	1.60943791243	10.0
祈祷	0.00347222222222	1.60943791243	10.0
稀罕	0.0019592476489	1.60943791243	10.0
雨滂沱	0.0016501650165	1.60943791243	10.0
琥珀	0.1	1.60943791243	10.0
田产	0.00105574324324	1.60943791243	10.0
馥馥	0.00566893424036	1.60943791243	10.0
紫金冠	0.00141402714932	1.60943791243	10.0
妃嫔	0.00122189638319	1.60943791243	10.0
瑞气千条	0.00151057401813	1.60943791243	10.0
琵琶骨	0.00135427952329	1.60943791243	10.0
珍馐百味	0.00694444444444	1.60943791243	10.0
胡敬德	0.00176056338028	1.60943791243	10.0
饱餐一顿	0.00378787878788	1.60943791243	10.0
玳瑁	0.1	1.60943791243	10.0
奴奴	0.00204081632653	1.60943791243	10.0
缩颈	0.00372023809524	1.60943791243	10.0
猪刚鬣	0.00148367952522	1.60943791243	10.0
飞龙杖	0.00109170305677	1.60943791243	10.0
崔珪	0.00757575757576	1.60943791243	10.0
鬼祟	0.00107020547945	1.60943791243	10.0
笔砚	0.0111607142857	1.60943791243	10.0
媳妇	0.00409836065574	1.60943791243	10.0
孔窍	0.00130072840791	1.60943791243	10.0
屁股	0.00566893424036	1.60943791243	10.0
孤掌难鸣	0.00471698113208	1.60943791243	10.0
尸骸	0.00186150409531	1.60943791243	10.0
盈盈	0.00113173381621	1.60943791243	10.0
骤雨	0.00103135313531	1.60943791243	10.0
稻草	0.00103263114416	1.60943791243	10.0
少吉多凶	0.00132978723404	1.60943791243	10.0
瞻仰	0.00286041189931	1.60943791243	10.0
骸骨	0.00103562551781	1.60943791243	10.0
阻滞	0.00216262975779	1.60943791243	10.0
秽污	0.00320512820513	1.60943791243	10.0
称赞不已	0.00109649122807	1.60943791243	10.0
猎户	0.0014880952381	1.60943791243	10.0
幢幡宝盖	0.0030487804878	1.60943791243	10.0
胸膛	0.00714285714286	1.60943791243	10.0
鹅卵石	0.00100887812752	1.60943791243	10.0
悬丝诊脉	0.00746268656716	1.60943791243	10.0
狂妄	0.00116877045348	1.60943791243	10.0
葛藤	0.00118091639112	1.60943791243	10.0
灾愆	0.00167224080268	1.60943791243	10.0
藜杖	0.00113071008593	1.60943791243	10.0
鹤氅	0.0044014084507	1.60943791243	10.0
鹫峰	0.00286697247706	1.60943791243	10.0
懈怠	0.00762195121951	1.60943791243	10.0
鹰愁涧	0.00154607297464	1.60943791243	10.0
蠙城	0.00103092783505	1.60943791243	10.0
吼吼	0.00141723356009	1.60943791243	10.0
涓涓	0.025	1.60943791243	10.0
扮头戴	0.00220458553792	1.60943791243	10.0
活命之恩	0.00172532781228	1.60943791243	10.0
洒洒	0.00192901234568	1.60943791243	10.0
青毡包袱	0.00180505415162	1.60943791243	10.0
葛仙翁	0.00718390804598	1.60943791243	10.0
芒鞋	0.00307881773399	1.60943791243	10.0
腊梅	0.00320512820513	1.60943791243	10.0
喷彩雾	0.00123031496063	1.60943791243	10.0
爆燥	0.00909090909091	1.60943791243	10.0
嗟叹	0.00549450549451	1.60943791243	20.0
黑水河	0.00139425139425	1.58577083521	26.0
朗朗	0.00347222222222	1.58109375017	18.0
锦衣卫	0.00261780104712	1.56071040904	12.0
标致	0.003125	1.56071040904	12.0
玻璃盏	0.00416666666667	1.56071040904	12.0
计其数	0.00129198966408	1.56071040904	12.0
绳缠索绑	0.00235849056604	1.56071040904	12.0
臂膊	0.00375	1.56071040904	12.0
腰一躬	0.00131578947368	1.56071040904	12.0
樱桃	0.00149031296572	1.56071040904	12.0
犬吠	0.0102040816327	1.56071040904	12.0
蝼蚁	0.0384615384615	1.56071040904	12.0
蜈蚣	0.0833333333333	1.56071040904	12.0
皱眉	0.00256849315068	1.56071040904	12.0
迍邅	0.05	1.56071040904	12.0
紫金钵盂	0.0031512605042	1.56071040904	12.0
突突	0.0048	1.56071040904	12.0
永堕	0.00116099071207	1.56071040904	12.0
永固	0.00140977443609	1.56071040904	12.0
竖蜻蜓	0.00606060606061	1.56071040904	12.0
枷锁	0.00238095238095	1.56071040904	12.0
枉费	0.00114942528736	1.56071040904	12.0
朱唇	0.00114285714286	1.56071040904	12.0
遭诛	0.0010060362173	1.56071040904	12.0
雾漫漫	0.00162337662338	1.56071040904	12.0
龟鳖鼋鼍	0.0138888888889	1.56071040904	12.0
异卉	0.0025641025641	1.56071040904	12.0
勿虑	0.00128205128205	1.56071040904	12.0
屡次	0.00123355263158	1.56071040904	12.0
抖了一抖	0.00387596899225	1.56071040904	12.0
扯扯拉拉	0.00173010380623	1.56071040904	12.0
宣诏	0.00147492625369	1.56071040904	12.0
呆呆挣挣	0.00106157112527	1.56071040904	12.0
帘栊	0.0049504950495	1.56071040904	12.0
泄漏	0.00407925407925	1.54982604588	14.0
铠甲	0.00318761384335	1.54982604588	14.0
砂走石	0.00121065375303	1.54982604588	14.0
泾河	0.00170068027211	1.50407739678	36.0
唏唏	0.015625	1.49417513829	16.0
巅峰	0.00174748798602	1.49417513829	16.0
铜台府	0.00179856115108	1.49417513829	16.0
碧波潭	0.00675675675676	1.49417513829	16.0
歇了担	0.00208333333333	1.47507631105	14.0
氤氲	0.0555555555556	1.47507631105	14.0
利害利害	0.00158442734269	1.47507631105	14.0
阴迅速	0.00104916067146	1.47507631105	14.0
鸿蒙	0.00173611111111	1.47507631105	14.0
剥皮亭	0.00138888888889	1.47507631105	14.0
叮叮	0.00134563629373	1.47507631105	14.0
鲇鱼	0.00348837209302	1.46481638489	18.0
唱个喏	0.00391849529781	1.3897154547	30.0
岂有此理	0.00206611570248	1.38629436112	8.0
扣背马匹	0.00396825396825	1.38629436112	8.0
廊庑	0.00606060606061	1.38629436112	8.0
功完行满	0.00112359550562	1.38629436112	8.0
淋漓	0.0062893081761	1.38629436112	8.0
庖丁	0.0046511627907	1.38629436112	8.0
游海角	0.00143163922691	1.38629436112	8.0
世同君	0.00109170305677	1.38629436112	8.0
獐智	0.00102564102564	1.38629436112	8.0
赤铜刀	0.00113765642776	1.38629436112	8.0
獬奎木狼	0.0045871559633	1.38629436112	8.0
午时三刻	0.00454545454545	1.38629436112	8.0
温柔	0.0018115942029	1.38629436112	8.0
渔舟	0.00187617260788	1.38629436112	8.0
布雾郎君	0.00109170305677	1.38629436112	8.0
皂锦直裰	0.00694444444444	1.38629436112	8.0
托着钵盂	0.00198412698413	1.38629436112	8.0
贩卖	0.00115942028986	1.38629436112	8.0
丢个眼色	0.0014880952381	1.38629436112	8.0
厢白玉圭	0.00117302052786	1.38629436112	8.0
貌轩昂	0.0016393442623	1.38629436112	8.0
邻叟	0.00231481481481	1.38629436112	8.0
崚嶒	0.1	1.38629436112	8.0
混铁棍	0.00173611111111	1.38629436112	8.0
鬓蓬松	0.0016	1.38629436112	8.0
叙了坐次	0.00328947368421	1.38629436112	8.0
峭壁	0.00194931773879	1.38629436112	8.0
部下先锋	0.00316455696203	1.38629436112	8.0
贺可贺	0.0040404040404	1.38629436112	8.0
惩治	0.0031746031746	1.38629436112	8.0
湛湛	0.02	1.38629436112	8.0
交战三合	0.00142045454545	1.38629436112	8.0
恶狠狠	0.0020202020202	1.38629436112	8.0
烟馥郁	0.00104166666667	1.38629436112	8.0
运机谋	0.00426439232409	1.38629436112	8.0
准缴	0.00261437908497	1.38629436112	8.0
灞波儿奔	0.0036496350365	1.38629436112	8.0
焦燥	0.00153846153846	1.38629436112	8.0
焦躁	0.0034965034965	1.38629436112	8.0
总督	0.00396825396825	1.38629436112	8.0
遍寒暑	0.00111731843575	1.38629436112	8.0
煌煌	0.00453514739229	1.38629436112	8.0
潺湲	0.0137931034483	1.38629436112	8.0
凤辇龙车	0.0030487804878	1.38629436112	8.0
怆惶	0.00961538461538	1.38629436112	8.0
辨个真假	0.00162866449511	1.38629436112	8.0
麻绳捆	0.0020202020202	1.38629436112	8.0
辟火罩	0.00714285714286	1.38629436112	8.0
忤逆	0.0208333333333	1.38629436112	8.0
忠良	0.00116279069767	1.38629436112	8.0
避火诀	0.00425531914894	1.38629436112	8.0
牌位香炉	0.00446428571429	1.38629436112	8.0
骁雄	0.00120048019208	1.38629436112	8.0
徐徐	0.00274348422497	1.38629436112	8.0
特处士	0.00161420500404	1.38629436112	8.0
软柄枪	0.00251256281407	1.38629436112	8.0
刀砍斧剁	0.00170648464164	1.38629436112	8.0
蹡蹡	0.0165289256198	1.38629436112	8.0
满堂娇	0.00112359550562	1.38629436112	8.0
弘济	0.0018115942029	1.38629436112	8.0
买路钱	0.00373134328358	1.38629436112	8.0
调开桌椅	0.00510204081633	1.38629436112	8.0
绣墩	0.00248138957816	1.38629436112	16.0
唵字咒语	0.00116279069767	1.38629436112	8.0
缘得遇	0.0011013215859	1.38629436112	8.0
蒺藜	0.0454545454545	1.38629436112	8.0
缁衣	0.00103734439834	1.38629436112	8.0
奔波儿灞	0.0036496350365	1.38629436112	8.0
哭哭啼啼	0.00127551020408	1.38629436112	8.0
哉怪哉	0.00235294117647	1.38629436112	8.0
奥妙	0.00182481751825	1.38629436112	8.0
糠的夯货	0.00819672131148	1.38629436112	8.0
哀哀	0.00113378684807	1.38629436112	8.0
红漆丹盘	0.00147058823529	1.38629436112	8.0
虚怯怯	0.00129954515919	1.38629436112	8.0
妆奁	0.00625	1.38629436112	8.0
虫蛭	0.00344827586207	1.38629436112	8.0
妙啊妙啊	0.0011961722488	1.38629436112	8.0
素果素菜	0.00292397660819	1.38629436112	8.0
奏闻玉帝	0.00133689839572	1.38629436112	8.0
夹脊	0.0026525198939	1.38629436112	8.0
羽林军	0.00282485875706	1.38629436112	8.0
荫凉	0.00217864923747	1.38629436112	8.0
腰躬一躬	0.00210526315789	1.38629436112	8.0
囫囵吞	0.00225988700565	1.38629436112	8.0
脱本壳	0.001246105919	1.38629436112	8.0
嚼得粉碎	0.00420168067227	1.38629436112	8.0
喷嚏	0.00262467191601	1.38629436112	8.0
堪羡	0.00318979266348	1.38629436112	8.0
苍梧	0.00255427841635	1.38629436112	8.0
喇嘛	0.00616332819723	1.38629436112	16.0
喂狗	0.0048309178744	1.38629436112	8.0
夜无眠	0.00125313283208	1.38629436112	8.0
股钢叉	0.00214822771214	1.38629436112	8.0
聒噪聒噪	0.0217391304348	1.38629436112	8.0
乐升平	0.00215517241379	1.38629436112	8.0
翻翻复复	0.0024154589372	1.38629436112	8.0
翻波跳浪	0.00259067357513	1.38629436112	8.0
仇隙	0.00481927710843	1.38629436112	8.0
丰姿英伟	0.0135135135135	1.38629436112	8.0
详察	0.00480769230769	1.38629436112	8.0
魂不附体	0.00294117647059	1.38629436112	8.0
客旅	0.00145454545455	1.38629436112	8.0
秾华	0.00222222222222	1.38629436112	8.0
吼如雷	0.00186567164179	1.38629436112	8.0
私衙	0.00106044538706	1.38629436112	8.0
寅将军	0.00408163265306	1.38629436112	8.0
祭祀	0.00701754385965	1.38629436112	8.0
寇栋	0.0018115942029	1.38629436112	8.0
计可施	0.0011954572624	1.38629436112	8.0
妙妙妙	0.00162206001622	1.38629436112	8.0
碧玉带	0.001100110011	1.38629436112	8.0
认了真实	0.00102301790281	1.38629436112	8.0
破瓦窑	0.00208333333333	1.38629436112	8.0
砍妖刀	0.00113765642776	1.38629436112	8.0
酸麻	0.00128205128205	1.38629436112	8.0
尧舜	0.0571428571429	1.38629436112	8.0
叮嘱	0.00280112044818	1.38629436112	8.0
宁耐	0.00110987791343	1.38629436112	8.0
袁守诚	0.00359712230216	1.38629436112	8.0
窈窕	0.1	1.38629436112	8.0
衣服头巾	0.00103734439834	1.38629436112	8.0
妙龄	0.00132714001327	1.38629436112	8.0
妨不妨	0.005	1.38629436112	8.0
丫髻	0.0025974025974	1.38629436112	8.0
粒仙丹	0.00204918032787	1.38629436112	8.0
米三升	0.00252525252525	1.38629436112	8.0
咬牙切齿	0.00480769230769	1.38629436112	8.0
箫鼓	0.00140845070423	1.38629436112	8.0
蟠龙拐	0.00625	1.38629436112	8.0
味珍馐	0.00252525252525	1.38629436112	8.0
娇媚	0.00287356321839	1.38629436112	8.0
娇态	0.00255427841635	1.38629436112	8.0
娇滴滴	0.00255427841635	1.38629436112	8.0
娉婷	0.125	1.38629436112	8.0
立帝货	0.0016835016835	1.38629436112	8.0
街衢	0.0025	1.38629436112	8.0
液琼浆	0.0125	1.38629436112	8.0
坚固	0.00166112956811	1.38629436112	8.0
欢娱	0.00166112956811	1.38629436112	8.0
插秧	0.00943396226415	1.38629436112	8.0
捣药杵	0.00709219858156	1.38629436112	8.0
铙钹	0.00689655172414	1.38629436112	8.0
棵松树	0.00151515151515	1.38629436112	8.0
抓耳挠腮	0.00819672131148	1.38629436112	8.0
泄不通	0.00114155251142	1.38629436112	8.0
换斗移星	0.00100200400802	1.38629436112	8.0
倾颓	0.00542005420054	1.38629436112	8.0
泛涨	0.010101010101	1.38629436112	8.0
比寻常	0.00113636363636	1.38629436112	8.0
丈二长短	0.00207468879668	1.38629436112	8.0
伫立	0.0013468013468	1.38629436112	8.0
具柬	0.00568181818182	1.38629436112	8.0
木植	0.00171821305842	1.38629436112	8.0
柳林坡	0.00314960629921	1.38629436112	8.0
提铃喝号	0.00308641975309	1.38629436112	8.0
折辩	0.00515463917526	1.38629436112	8.0
望乞恕罪	0.00114155251142	1.38629436112	8.0
铜汁	0.00274725274725	1.38629436112	8.0
催趱	0.00420168067227	1.38629436112	8.0
僻静	0.00146627565982	1.38629436112	8.0
摇得响	0.00143369175627	1.38629436112	8.0
抟象伏狸	0.0178571428571	1.38629436112	8.0
青脸獠牙	0.00180505415162	1.38629436112	8.0
桧柏	0.00310559006211	1.38629436112	8.0
拔刀相助	0.00375939849624	1.38629436112	8.0
梁栋	0.00150602409639	1.38629436112	8.0
六甲六丁	0.00115207373272	1.38629436112	8.0
傅奕	0.047619047619	1.38629436112	8.0
银一库	0.00160256410256	1.38629436112	8.0
涤垢	0.00549450549451	1.38629436112	8.0
阴风飒飒	0.00119904076739	1.38629436112	8.0
汪洋	0.00117647058824	1.38629436112	8.0
关文打发	0.00124688279302	1.38629436112	16.0
摸一摸	0.00160901045857	1.38629436112	8.0
捐躯	0.0161290322581	1.38629436112	8.0
月里嫦娥	0.00125313283208	1.38629436112	8.0
阇黎	0.0185185185185	1.38629436112	8.0
浮屠塔	0.00119047619048	1.38629436112	8.0
阆苑	0.0416666666667	1.38629436112	8.0
浩浩	0.00888888888889	1.38629436112	8.0
预修亡斋	0.0011961722488	1.38629436112	8.0
济黎民	0.00197628458498	1.38629436112	8.0
文华殿	0.0010101010101	1.38629436112	8.0
钢琢	0.00142857142857	1.38629436112	8.0
黄粱	0.00134408602151	1.38629436112	8.0
养育之恩	0.00185873605948	1.38629436112	8.0
雕栏	0.00187617260788	1.38629436112	8.0
顿首谢恩	0.00123915737299	1.38629436112	8.0
洲地界	0.00190839694656	1.38629436112	8.0
枪刀剑戟	0.00251256281407	1.38629436112	8.0
锻炼	0.00294985250737	1.38629436112	8.0
挑着行囊	0.00135869565217	1.38629436112	8.0
鼋之第	0.00200803212851	1.38629436112	8.0
充饥	0.0015873015873	1.38629436112	8.0
伶仃	0.0166666666667	1.38629436112	8.0
枯槎	0.00519480519481	1.38629436112	8.0
洲三岛	0.00210526315789	1.38629436112	8.0
雨顺风调	0.0016501650165	1.38629436112	8.0
束虎皮裙	0.00110619469027	1.38629436112	8.0
元阳未泄	0.00231481481481	1.38629436112	8.0
撒尿	0.0011961722488	1.38629436112	8.0
滴泪	0.00123480243161	1.38485925967	78.0
雄纠纠	0.00381970970206	1.35923670067	20.0
寇梁	0.00104766893662	1.35797785499	24.0
历代	0.00106837606838	1.35178399429	14.0
兰麝	0.0104166666667	1.33217904021	10.0
担搁	0.00126968004063	1.33217904021	10.0
缓缓	0.00260145681582	1.33217904021	10.0
蹊跷	0.0151515151515	1.33217904021	10.0
翩翩	0.025	1.33217904021	10.0
哽咽	0.00868055555556	1.33217904021	10.0
幌了一幌	0.00217013888889	1.33217904021	10.0
玲珑剔透	0.00793650793651	1.33217904021	10.0
环珮	0.00351617440225	1.33217904021	10.0
丢一口钟	0.00211505922166	1.33217904021	10.0
步云履	0.00108131487889	1.33217904021	10.0
乒乒乓乓	0.0178571428571	1.33217904021	10.0
庞刘苟毕	0.00174825174825	1.33217904021	10.0
哄他一哄	0.00289351851852	1.33217904021	10.0
耀耀	0.00260145681582	1.33217904021	10.0
皮肤	0.00193798449612	1.33217904021	10.0
砖瓦	0.00148544266191	1.33217904021	10.0
犯了天条	0.00125881168177	1.33217904021	10.0
邀请诸	0.00114468864469	1.33217904021	10.0
令字旗	0.001953125	1.33217904021	10.0
钟磬	0.00143843498274	1.33217904021	10.0
李翠莲	0.0010016025641	1.33217904021	10.0
安排酒席	0.00102040816327	1.33217904021	10.0
稽首	0.00149342891278	1.33217904021	10.0
孽障	0.00103391232423	1.33217904021	10.0
喷云嗳雾	0.0021645021645	1.33217904021	10.0
婆娑	0.00160153747598	1.33217904021	10.0
耽搁	0.0126262626263	1.33217904021	10.0
扇子搧	0.00175070028011	1.33217904021	10.0
饮了几杯	0.00409836065574	1.33217904021	10.0
俊俏	0.00319693094629	1.33217904021	10.0
丫丫叉叉	0.00285714285714	1.33217904021	10.0
清华庄	0.00118708452042	1.33217904021	10.0
冲天冠	0.00219490781387	1.33217904021	10.0
亮灼灼	0.00141482739106	1.33217904021	10.0
柄芭蕉扇	0.00134770889488	1.33217904021	10.0
迸迸	0.001	1.33217904021	10.0
恨苦相持	0.00204248366013	1.33217904021	10.0
虼蚤	0.1	1.33217904021	10.0
丢开解数	0.00129198966408	1.33217904021	10.0
汗衫	0.00372023809524	1.33217904021	10.0
聊表	0.0016846361186	1.33217904021	10.0
旃檀	0.0173611111111	1.33217904021	10.0
聒聒	0.0047258979206	1.33217904021	10.0
荔枝	0.00429553264605	1.33217904021	10.0
许旌阳	0.00178062678063	1.33217904021	10.0
沉吟半晌	0.00434782608696	1.33217904021	10.0
陈关保	0.00177304964539	1.33217904021	10.0
搠个窟窿	0.00874125874126	1.33217904021	10.0
碧藕	0.00375375375375	1.33217904021	10.0
恐怖	0.00136165577342	1.33217904021	10.0
含糊	0.00292397660819	1.33217904021	10.0
承过奖	0.00425170068027	1.33217904021	10.0
掬着嘴	0.00116713352007	1.33217904021	10.0
抛打绣球	0.00448028673835	1.33217904021	10.0
痨病	0.00490196078431	1.32966134885	12.0
雕漆	0.00170164492343	1.32966134885	12.0
街坊	0.00111111111111	1.32966134885	12.0
赞叹	0.00131868131868	1.32966134885	12.0
引导	0.00190476190476	1.32966134885	12.0
抛绣球	0.00129032258065	1.32966134885	12.0
喉咙	0.0252100840336	1.32966134885	12.0
猜枚	0.00581395348837	1.32966134885	12.0
潇洒	0.0036231884058	1.32966134885	12.0
喊声振	0.00221893491124	1.32966134885	12.0
咬牙恨	0.00124378109453	1.32966134885	12.0
搭凉篷	0.00537634408602	1.32966134885	12.0
按一按	0.0017094017094	1.32966134885	12.0
唿哨	0.00649350649351	1.29965096355	32.0
敕建	0.00274725274725	1.27302833659	18.0
觔斗	0.00107991360691	1.24245332489	12.0
舞蹈	0.0021645021645	1.24245332489	12.0
禄寺安排	0.00131578947368	1.24245332489	12.0
城池相近	0.00103092783505	1.24245332489	12.0
摩诃	0.00595238095238	1.24245332489	12.0
嚼碎	0.00109609061016	1.24245332489	12.0
蓝靛	0.00246913580247	1.24245332489	12.0
丑自丑	0.00413223140496	1.24245332489	12.0
睁火眼	0.0010060362173	1.24245332489	12.0
凌云渡	0.0038961038961	1.24245332489	12.0
昆仑	0.0208333333333	1.23426786608	24.0
枯松涧	0.00291545189504	1.23426786608	24.0
卦炉	0.00177746178457	1.22752941146	20.0
伶俐虫	0.00209895052474	1.22655581561	28.0
饥餐	0.00144230769231	1.21488965395	18.0
攒蹄捆	0.0040404040404	1.21300756598	16.0
绣花针	0.00403225806452	1.17299347244	30.0
捻着诀	0.00340425531915	1.16735742098	64.0
落胎泉	0.00108024691358	1.1537419427	14.0
赤条条	0.00151057401813	1.1537419427	14.0
咽喉	0.00643382352941	1.1537419427	14.0
晦气色脸	0.00170233463035	1.1537419427	14.0
茂盛	0.00107604017217	1.09861228867	6.0
喏而退	0.00126262626263	1.09861228867	6.0
霸占为妻	0.00431034482759	1.09861228867	6.0
令郎是谁	0.00146198830409	1.09861228867	6.0
蛇大蟒	0.00267857142857	1.09861228867	6.0
供来免	0.001	1.09861228867	6.0
佳姻	0.00132275132275	1.09861228867	6.0
食三餐	0.00189873417722	1.09861228867	6.0
蒲扇耳	0.0010101010101	1.09861228867	6.0
芰荷	0.0277777777778	1.09861228867	6.0
咬破舌尖	0.00480769230769	1.09861228867	6.0
蜓撼石柱	0.00980392156863	1.09861228867	6.0
喳喳	0.0234375	1.09861228867	6.0
仪制司	0.00510204081633	1.09861228867	6.0
蜡烛	0.00357142857143	1.09861228867	6.0
嘴脸丑陋	0.00115384615385	1.09861228867	6.0
饧眼	0.0010060362173	1.09861228867	6.0
霓裳	0.0046875	1.09861228867	6.0
九曜恶星	0.00100200400802	1.09861228867	6.0
舟楫	0.0144230769231	1.09861228867	6.0
蝴蝶梦	0.00263157894737	1.09861228867	6.0
舞的舞	0.00132275132275	1.09861228867	6.0
图富贵	0.0015368852459	1.09861228867	6.0
饿老鹰	0.00892857142857	1.09861228867	6.0
啯啯	0.0104166666667	1.09861228867	6.0
草料喂	0.00185873605948	1.09861228867	6.0
茯苓	0.125	1.09861228867	6.0
虾蟆	0.0147058823529	1.09861228867	6.0
虎筋绦	0.0014245014245	1.09861228867	6.0
虎坐门楼	0.0014245014245	1.09861228867	6.0
药饵	0.00157894736842	1.09861228867	6.0
低头不语	0.00145348837209	1.09861228867	6.0
靴鞋	0.00103448275862	1.09861228867	6.0
频频	0.0104166666667	1.09861228867	6.0
菊残	0.00203527815468	1.09861228867	6.0
菜蔬	0.0015873015873	1.09861228867	6.0
品级	0.00172612197929	1.09861228867	6.0
菡萏	0.166666666667	1.09861228867	6.0
藐视	0.009375	1.09861228867	6.0
哉妙哉	0.00352941176471	1.09861228867	6.0
领命讫	0.00159744408946	1.09861228867	6.0
伽山不远	0.0014245014245	1.09861228867	6.0
饼馍馍	0.00239234449761	1.09861228867	6.0
侥幸	0.00316455696203	1.09861228867	6.0
蓝田带	0.00123762376238	1.09861228867	6.0
咽咽	0.00146484375	1.09861228867	6.0
饶性命愿	0.00204918032787	1.09861228867	6.0
青锋宝剑	0.00180505415162	1.09861228867	6.0
唬他一唬	0.00263157894737	1.09861228867	6.0
虾兵蟹卒	0.0147058823529	1.09861228867	6.0
茸茸	0.0416666666667	1.09861228867	6.0
伤心痛哭	0.0016393442623	1.09861228867	6.0
青不青	0.00108303249097	1.09861228867	6.0
体健身轻	0.00204081632653	1.09861228867	6.0
伤生造孽	0.0016393442623	1.09861228867	6.0
啯啅	0.0416666666667	1.09861228867	6.0
咳嗽	0.0416666666667	1.09861228867	6.0
颜不改	0.00254237288136	1.09861228867	6.0
啕痛哭	0.00223214285714	1.09861228867	6.0
荐亡	0.00230769230769	1.09861228867	6.0
荡魔天尊	0.00213675213675	1.09861228867	6.0
额阔	0.00133096716948	1.09861228867	6.0
荤三厌	0.0113636363636	1.09861228867	6.0
荤素两样	0.00138504155125	1.09861228867	6.0
荧煌	0.0119047619048	1.09861228867	6.0
咬响钢牙	0.00314465408805	1.09861228867	6.0
冬残春	0.00202702702703	1.09861228867	6.0
雷公电母	0.0015243902439	1.09861228867	6.0
车辆	0.00246710526316	1.09861228867	6.0
凤阁龙楼	0.00210970464135	1.09861228867	6.0
迅速又值	0.00602409638554	1.09861228867	6.0
辟暑辟尘	0.0030487804878	1.09861228867	6.0
辘轳	0.0130434782609	1.09861228867	6.0
辖床	0.0012987012987	1.09861228867	6.0
凯歌	0.0108695652174	1.09861228867	6.0
凶多吉少	0.00132978723404	1.09861228867	6.0
轻亵	0.00204081632653	1.09861228867	6.0
验牒	0.00104821802935	1.09861228867	6.0
关得甚紧	0.00103448275862	1.09861228867	6.0
银服饰	0.00240384615385	1.09861228867	6.0
轮剑砍	0.00140186915888	1.09861228867	6.0
切须仔细	0.0015306122449	1.09861228867	6.0
零零碎碎	0.00420168067227	1.09861228867	6.0
享荣华	0.00277777777778	1.09861228867	6.0
刑房吏	0.02	1.09861228867	6.0
剥了衣裳	0.00434782608696	1.09861228867	6.0
圯桥	0.00438596491228	1.09861228867	6.0
剪伐	0.00275735294118	1.09861228867	6.0
剪草除根	0.0015923566879	1.09861228867	6.0
副金铙	0.00277777777778	1.09861228867	6.0
锋利器械	0.00617283950617	1.09861228867	6.0
跌了一跤	0.00308641975309	1.09861228867	6.0
仇未报	0.00112866817156	1.09861228867	6.0
加凄惨	0.00144927536232	1.09861228867	6.0
全其美	0.0021645021645	1.09861228867	6.0
迎阳馆驿	0.0013698630137	1.09861228867	6.0
兴隆	0.00192307692308	1.09861228867	6.0
迎阳驿	0.0013698630137	1.09861228867	6.0
迎风一幌	0.00113636363636	1.09861228867	6.0
野豕	0.0016111707841	1.09861228867	6.0
冲碧汉	0.00146198830409	1.09861228867	6.0
量之福	0.00137741046832	1.09861228867	6.0
冠束带	0.0016501650165	1.09861228867	6.0
邓邓	0.00221893491124	1.09861228867	6.0
銮舆	0.00454545454545	1.09861228867	6.0
鐏利	0.00253378378378	1.09861228867	6.0
邓辛张陶	0.0192307692308	1.09861228867	6.0
决不要钱	0.00129757785467	1.09861228867	6.0
典刑	0.00176470588235	1.09861228867	6.0
避水诀	0.0031914893617	1.09861228867	6.0
冷如冰	0.00297619047619	1.09861228867	6.0
遮饰	0.00101078167116	1.09861228867	6.0
净瓶杨柳	0.00174825174825	1.09861228867	6.0
凄怆	0.00506756756757	1.09861228867	6.0
遭此毒	0.001875	1.09861228867	6.0
逼人寒	0.00342465753425	1.09861228867	6.0
驼罗庄	0.00234375	1.09861228867	6.0
亮如银	0.00120192307692	1.09861228867	6.0
凌虚子制	0.0103448275862	1.09861228867	6.0
钦天监	0.00462962962963	1.09861228867	6.0
迸裂	0.00142857142857	1.09861228867	6.0
凝滞	0.00259515570934	1.09861228867	6.0
迢迢	0.0185185185185	1.09861228867	6.0
运筹	0.00248756218905	1.09861228867	6.0
劳而无功	0.00144927536232	1.09861228867	6.0
赵寡妇	0.00409836065574	1.09861228867	6.0
南柯一梦	0.00117924528302	1.09861228867	6.0
诈伪	0.0113636363636	1.09861228867	6.0
吕公绦	0.0166666666667	1.09861228867	6.0
习学武艺	0.00986842105263	1.09861228867	6.0
附葛	0.00323275862069	1.09861228867	6.0
许敬宗	0.00213675213675	1.09861228867	6.0
记程途	0.00148514851485	1.09861228867	6.0
计较计较	0.00103878116343	1.09861228867	6.0
停留长智	0.00328947368421	1.09861228867	6.0
假合真形	0.00162866449511	1.09861228867	6.0
计绝妙	0.00135746606335	1.09861228867	6.0
吟哦	0.00348837209302	1.09861228867	6.0
吸吸	0.00166666666667	1.09861228867	6.0
倦怠	0.00159066808059	1.09861228867	6.0
规矩	0.0166666666667	1.09861228867	6.0
隐逸	0.00183823529412	1.09861228867	6.0
裙钗	0.00167410714286	1.09861228867	6.0
裂山崩	0.0178571428571	1.09861228867	6.0
袖传一课	0.00510204081633	1.09861228867	6.0
袈裟价值	0.00241935483871	1.09861228867	6.0
袅娜	0.0267857142857	1.09861228867	6.0
雁塔寺	0.00151515151515	1.09861228867	6.0
俸禄	0.00420168067227	1.09861228867	6.0
俊雅	0.00108695652174	1.09861228867	6.0
雨救民	0.0016501650165	1.09861228867	6.0
魂飞魄丧	0.00127877237852	1.09861228867	6.0
告借一宿	0.00107296137339	1.09861228867	6.0
识尊颜	0.00113981762918	1.09861228867	6.0
诊视	0.00340909090909	1.09861228867	6.0
闪一闪	0.00129310344828	1.09861228867	6.0
叮噹	0.00326797385621	1.09861228867	6.0
闪烁	0.00147783251232	1.09861228867	6.0
赁店房	0.00230414746544	1.09861228867	6.0
贻害	0.00108695652174	1.09861228867	6.0
闲暇	0.00171428571429	1.09861228867	6.0
争艳丽	0.00112275449102	1.09861228867	6.0
闷气蒸	0.00151515151515	1.09861228867	6.0
貌辨色	0.0014880952381	1.09861228867	6.0
貌稀奇	0.00122950819672	1.09861228867	6.0
貌清奇	0.00136612021858	1.09861228867	6.0
叆叆	0.00887573964497	1.09861228867	6.0
貂裘	0.05	1.09861228867	6.0
豺狼	0.0045871559633	1.09861228867	6.0
队伍	0.03125	1.09861228867	6.0
元夜观灯	0.00207468879668	1.09861228867	6.0
叉与善财	0.00214285714286	1.09861228867	6.0
叉钯扫帚	0.00214285714286	1.09861228867	6.0
双叉岭	0.00205761316872	1.09861228867	6.0
防天阴	0.00179856115108	1.09861228867	6.0
谦逊	0.0110294117647	1.09861228867	6.0
谦谦	0.00519031141869	1.09861228867	6.0
谢恩而退	0.00107991360691	1.09861228867	6.0
谈阔论	0.00431034482759	1.09861228867	6.0
诸佛降祥	0.00223214285714	1.09861228867	6.0
诬告	0.00128755364807	1.09861228867	6.0
阴骘	0.00179856115108	1.09861228867	6.0
编谎	0.00268817204301	1.09861228867	6.0
紊乱	0.00135869565217	1.09861228867	6.0
腹中饥馁	0.00704225352113	1.09861228867	6.0
滴流流	0.00182481751825	1.09861228867	6.0
淡鹅黄	0.00134408602151	1.09861228867	6.0
扬威耀武	0.00279329608939	1.09861228867	6.0
麻脚软	0.00160256410256	1.09861228867	6.0
渐渐天昏	0.00168918918919	1.09861228867	6.0
渡脱胎	0.00324675324675	1.09861228867	6.0
戴金盔	0.0020325203252	1.09861228867	6.0
满口胡柴	0.00112359550562	1.09861228867	6.0
滴溜溜	0.00446428571429	1.09861228867	6.0
池塘	0.00123966942149	1.09861228867	6.0
漆交椅	0.00498338870432	1.09861228867	6.0
漏泄	0.00174825174825	1.09861228867	6.0
演习	0.00115562403698	1.09861228867	6.0
戴星冠	0.00457317073171	1.09861228867	6.0
懵懂	0.0625	1.09861228867	6.0
懊恨	0.00223880597015	1.09861228867	6.0
感激感激	0.00420168067227	1.09861228867	6.0
淙淙	0.030612244898	1.09861228867	6.0
涯海角	0.0036231884058	1.09861228867	6.0
黄旗铜锣	0.00134408602151	1.09861228867	6.0
扭一扭	0.005	1.09861228867	6.0
抚养	0.00126050420168	1.09861228867	6.0
河清海晏	0.00170068027211	1.09861228867	6.0
油大户	0.00130208333333	1.09861228867	6.0
油锅洗澡	0.00382653061224	1.09861228867	6.0
黄道良辰	0.00134408602151	1.09861228867	6.0
扯过一张	0.00173010380623	1.09861228867	6.0
扯的扯	0.00103806228374	1.09861228867	6.0
扯救命索	0.00129757785467	1.09861228867	6.0
扯扯拽拽	0.00173010380623	1.09861228867	6.0
派仙音	0.0015479876161	1.09861228867	6.0
扮戴一顶	0.00210084033613	1.09861228867	6.0
浑身是汗	0.00537634408602	1.09861228867	6.0
浓墨	0.00202429149798	1.09861228867	6.0
浪滔滔	0.00144230769231	1.09861228867	6.0
涂炭	0.015306122449	1.09861228867	6.0
愚蠢	0.00267857142857	1.09861228867	6.0
惶恐惶恐	0.0016339869281	1.09861228867	6.0
惶不已	0.00109649122807	1.09861228867	6.0
牙老象	0.00155279503106	1.09861228867	6.0
忠不孝	0.0075	1.09861228867	6.0
牡丹亭	0.0015625	1.09861228867	6.0
忆昔	0.00535714285714	1.09861228867	6.0
牵了马匹	0.00131118881119	1.09861228867	6.0
特造尊府	0.00179856115108	1.09861228867	6.0
彩凤鸣	0.00111607142857	1.09861228867	6.0
弯弯曲曲	0.00909090909091	1.09861228867	6.0
弯弓	0.00122749590835	1.09861228867	6.0
犴角木蛟	0.01875	1.09861228867	6.0
状坐名告	0.00214592274678	1.09861228867	6.0
狂澜	0.00322580645161	1.09861228867	6.0
张道陵	0.00179211469534	1.09861228867	6.0
狐狢	0.00328947368421	1.09861228867	6.0
张道源	0.00134408602151	1.09861228867	6.0
魏徵	0.00480769230769	1.09861228867	6.0
牛耳短刀	0.00170648464164	1.09861228867	6.0
牙忍着疼	0.00104821802935	1.09861228867	6.0
灾殃	0.00186335403727	1.09861228867	6.0
牙尖利	0.00157232704403	1.09861228867	6.0
灿灿	0.00415512465374	1.09861228867	6.0
炉里炼	0.00221238938053	1.09861228867	6.0
悭吝	0.0416666666667	1.09861228867	6.0
炼汞	0.00132743362832	1.09861228867	6.0
烟凑集	0.00260416666667	1.09861228867	6.0
烦为转奏	0.00166112956811	1.09861228867	6.0
烦转达	0.00189393939394	1.09861228867	6.0
烧些汤	0.00135746606335	1.09861228867	6.0
烹煮	0.00200534759358	1.09861228867	6.0
煎炒	0.0027027027027	1.09861228867	6.0
怡颜悦色	0.0014880952381	1.09861228867	6.0
思念父母	0.0015243902439	1.09861228867	6.0
熊山君	0.00109170305677	1.09861228867	6.0
熌灼	0.00277777777778	1.09861228867	6.0
熬煎	0.00135135135135	1.09861228867	6.0
汹涌	0.0129310344828	1.09861228867	6.0
江月为证	0.00316455696203	1.09861228867	6.0
狮仙糖	0.00359712230216	1.09861228867	6.0
搔扰	0.0163043478261	1.09861228867	6.0
七星宝剑	0.0012987012987	1.09861228867	6.0
摩碧汉	0.00231481481481	1.09861228867	6.0
摩尼珠	0.00326086956522	1.09861228867	6.0
月披星	0.00100200400802	1.09861228867	6.0
摇一摇	0.00134408602151	1.09861228867	6.0
望闻问切	0.00114155251142	1.09861228867	6.0
木槿	0.00171821305842	1.09861228867	6.0
鼓齐鸣	0.00211267605634	1.09861228867	6.0
丑便丑	0.00247933884298	1.09861228867	6.0
杜如晦	0.0111111111111	1.09861228867	6.0
杜宇	0.00194805194805	1.09861228867	6.0
杜鹃啼	0.00431034482759	1.09861228867	6.0
揭了榜	0.00169491525424	1.09861228867	6.0
束束裙	0.00442477876106	1.09861228867	6.0
揭了压帖	0.00324675324675	1.09861228867	6.0
松楠	0.0015	1.09861228867	6.0
晃晃	0.00415512465374	1.09861228867	6.0
显甚么魂	0.00294117647059	1.09861228867	6.0
昭惠	0.0030487804878	1.09861228867	6.0
春尽夏	0.00337837837838	1.09861228867	6.0
故旧之情	0.00135501355014	1.09861228867	6.0
斋僧布施	0.0011961722488	1.09861228867	6.0
斗小秤	0.00107991360691	1.09861228867	6.0
操演武艺	0.00563909774436	1.09861228867	6.0
斧钺	0.00137867647059	1.09861228867	6.0
斩妖剑	0.00144787644788	1.09861228867	6.0
新科状元	0.00231481481481	1.09861228867	6.0
新笤帚	0.0010060362173	1.09861228867	6.0
施巧计	0.0010460251046	1.09861228867	6.0
擂鼓筛锣	0.00892857142857	1.09861228867	6.0
撺唆	0.009375	1.09861228867	6.0
撞天婚	0.0015690376569	1.09861228867	6.0
昏昏沉沉	0.00337837837838	1.09861228867	6.0
星光月皎	0.00100200400802	1.09861228867	6.0
春夏秋冬	0.00337837837838	1.09861228867	6.0
七级浮屠	0.0012987012987	1.09861228867	6.0
松绳咒	0.001	1.09861228867	6.0
揪住耳朵	0.00168918918919	1.09861228867	6.0
楼台高耸	0.00210970464135	1.09861228867	6.0
樊笼	0.00413223140496	1.09861228867	6.0
挺长枪	0.00103021978022	1.09861228867	6.0
振山川	0.00166481687014	1.09861228867	6.0
挦毛	0.00170648464164	1.09861228867	6.0
欺虐	0.0030737704918	1.09861228867	6.0
歌舞吹弹	0.0108695652174	1.09861228867	6.0
段志贤	0.00265957446809	1.09861228867	6.0
挡西除	0.00423728813559	1.09861228867	6.0
殿上明珠	0.0010101010101	1.09861228867	6.0
每味三斤	0.00555555555556	1.09861228867	6.0
指示指示	0.00207468879668	1.09861228867	6.0
拽转步	0.00173010380623	1.09861228867	6.0
招僧榜	0.00354609929078	1.09861228867	6.0
拂拂	0.00129757785467	1.09861228867	6.0
丈围圆	0.00124481327801	1.09861228867	6.0
榛松	0.0015	1.09861228867	6.0
丈人真君	0.00109170305677	1.09861228867	6.0
黑缨枪	0.00225225225225	1.09861228867	6.0
排素筵席	0.00208333333333	1.09861228867	6.0
林檎	0.002	1.09861228867	6.0
枪刀簇拥	0.00251256281407	1.09861228867	6.0
枫杨	0.00446428571429	1.09861228867	6.0
染博士	0.00175438596491	1.09861228867	6.0
柯斧	0.001953125	1.09861228867	6.0
推耳聋	0.00139664804469	1.09861228867	6.0
栏杆	0.00230769230769	1.09861228867	6.0
探消息	0.00109970674487	1.09861228867	6.0
株株	0.00109569028488	1.09861228867	6.0
株老柏	0.0054347826087	1.09861228867	6.0
栽葱	0.00681818181818	1.09861228867	6.0
桃李争妍	0.00273224043716	1.09861228867	6.0
桌凳	0.00122549019608	1.09861228867	6.0
梆摇着铃	0.00520833333333	1.09861228867	6.0
探军情	0.00137741046832	1.09861228867	6.0
独称尊	0.00213675213675	1.09861228867	6.0
张大柜	0.00134408602151	1.09861228867	6.0
狮蛮带	0.00123762376238	1.09861228867	6.0
妆饰	0.00167410714286	1.09861228867	6.0
红雾绕	0.00110294117647	1.09861228867	6.0
纤纤	0.0104166666667	1.09861228867	6.0
纷纭	0.00416666666667	1.09861228867	6.0
奴婢	0.00214285714286	1.09861228867	6.0
结圣胎	0.00277777777778	1.09861228867	6.0
结婚姻	0.00138888888889	1.09861228867	6.0
绛阙	0.00260416666667	1.09861228867	6.0
绮绣	0.00109970674487	1.09861228867	6.0
套上衣服	0.00140977443609	1.09861228867	6.0
绸缪	0.166666666667	1.09861228867	6.0
绿依依	0.00151057401813	1.09861228867	6.0
缃裙	0.00446428571429	1.09861228867	6.0
缉访	0.00520833333333	1.09861228867	6.0
敲着渔鼓	0.00352112676056	1.09861228867	6.0
缚妖索	0.00180722891566	1.09861228867	12.0
奸诈	0.00568181818182	1.09861228867	6.0
紫绶金章	0.00367647058824	1.09861228867	6.0
窗轩	0.0011961722488	1.09861228867	6.0
紫燕呢喃	0.00367647058824	1.09861228867	6.0
笊篱	0.0384615384615	1.09861228867	6.0
符檄	0.00824175824176	1.09861228867	6.0
笼在袖	0.00177095631641	1.09861228867	6.0
弓火箭	0.0106382978723	1.09861228867	6.0
姿娇且嫩	0.0172413793103	1.09861228867	6.0
箱笼	0.00154958677686	1.09861228867	6.0
篾丝盘	0.0010593220339	1.09861228867	6.0
姓刘名全	0.00162337662338	1.09861228867	6.0
米粮安排	0.00208333333333	1.09861228867	6.0
米饭面饭	0.00183823529412	1.09861228867	6.0
粉腻	0.00104166666667	1.09861228867	6.0
粉骷髅	0.00104166666667	1.09861228867	6.0
粒定风丹	0.00204918032787	1.09861228867	6.0
糖浇	0.00669642857143	1.09861228867	6.0
糜鹿	0.00367647058824	1.09861228867	6.0
奔奔波波	0.00221893491124	1.09861228867	6.0
乐以忘忧	0.00308641975309	1.09861228867	6.0
缨络	0.00882352941176	1.09861228867	6.0
奈河桥	0.00219298245614	1.09861228867	6.0
背义忘恩	0.00185873605948	1.09861228867	6.0
胎里素	0.00175438596491	1.09861228867	6.0
塵尾	0.00274725274725	1.09861228867	6.0
胡言乱语	0.00145348837209	1.09861228867	6.0
塞优婆夷	0.00641025641026	1.09861228867	6.0
胸脯	0.00428571428571	1.09861228867	6.0
堤防	0.00284090909091	1.09861228867	6.0
脏腑	0.00986842105263	1.09861228867	6.0
脑浆迸	0.005	1.09861228867	6.0
基址	0.0217391304348	1.09861228867	6.0
脚儿跷	0.00119426751592	1.09861228867	6.0
脱了凡胎	0.00101214574899	1.09861228867	6.0
城中军民	0.00103092783505	1.09861228867	6.0
坤地理裙	0.00892857142857	1.09861228867	6.0
坟墓	0.015306122449	1.09861228867	6.0
胆颤	0.00143815915628	1.09861228867	6.0
肺腑	0.0234375	1.09861228867	6.0
肯干休	0.00134529147982	1.09861228867	6.0
耳垂肩	0.0016835016835	1.09861228867	6.0
夸奖不尽	0.00106837606838	1.09861228867	6.0
罗唣	0.00156739811912	1.09861228867	6.0
夷朝贡	0.0144230769231	1.09861228867	6.0
夷塞	0.00147928994083	1.09861228867	6.0
翠藓	0.00111940298507	1.09861228867	6.0
失迎失迎	0.0013698630137	1.09861228867	6.0
鲮鲤鳞	0.0128205128205	1.09861228867	6.0
肝凤髓	0.00769230769231	1.09861228867	6.0
耿耿	0.0416666666667	1.09861228867	6.0
聚仙庵	0.00319829424307	1.09861228867	6.0
聚集文武	0.00137362637363	1.09861228867	6.0
夭夭灼灼	0.00925925925926	1.09861228867	6.0
肉馅	0.00115740740741	1.09861228867	6.0
肝做药引	0.00222222222222	1.09861228867	6.0
笃志	0.0121951219512	1.09861228867	6.0
筵宴酬谢	0.00107991360691	1.09861228867	6.0
嬝娜	0.0714285714286	1.09861228867	6.0
差徭	0.00162337662338	1.09861228867	6.0
左五右六	0.00115207373272	1.09861228867	6.0
瓣梅花计	0.00226244343891	1.09861228867	6.0
甘霖	0.00721153846154	1.09861228867	6.0
巡海夜叉	0.00285714285714	1.09861228867	6.0
巍峨	0.00109649122807	1.09861228867	6.0
画栋雕梁	0.00602409638554	1.09861228867	6.0
疥癞	0.0375	1.09861228867	6.0
疼疼疼	0.00177304964539	1.09861228867	6.0
峰挺立	0.00126262626263	1.09861228867	6.0
痒难挠	0.0208333333333	1.09861228867	6.0
痴哑	0.00168918918919	1.09861228867	6.0
孔雀屏	0.00133809099019	1.09861228867	6.0
峨矗矗	0.0125	1.09861228867	6.0
属之类	0.0010989010989	1.09861228867	6.0
尼道俗	0.00274725274725	1.09861228867	6.0
左邻右舍	0.00187265917603	1.09861228867	6.0
鹭鸶	0.0555555555556	1.09861228867	6.0
盏甘雨	0.00130208333333	1.09861228867	6.0
己巳	0.00268336314848	1.09861228867	6.0
建宝林寺	0.00151515151515	1.09861228867	6.0
世勣	0.00192307692308	1.09861228867	6.0
麂皮靴	0.012	1.09861228867	6.0
猪羊牲醴	0.00148367952522	1.09861228867	6.0
猪魈	0.00148367952522	1.09861228867	6.0
獐豝	0.0128205128205	1.09861228867	6.0
应了就装	0.00210970464135	1.09861228867	6.0
库金银	0.00160256410256	1.09861228867	6.0
丝帕	0.0019305019305	1.09861228867	6.0
干粮烘炒	0.00149700598802	1.09861228867	6.0
玷辱	0.0267857142857	1.09861228867	6.0
班儿摆	0.00111028867506	1.09861228867	6.0
布金禅寺	0.00151515151515	1.09861228867	6.0
琢磨	0.0015306122449	1.09861228867	6.0
巽二郎	0.00151821862348	1.09861228867	6.0
尪羸	0.125	1.09861228867	6.0
饮而干	0.00112275449102	1.09861228867	6.0
监丞监副	0.00657894736842	1.09861228867	6.0
尉二将军	0.0020979020979	1.09861228867	6.0
宣花斧	0.00442477876106	1.09861228867	6.0
秉教迦持	0.00245098039216	1.09861228867	6.0
禄寺排宴	0.00387596899225	1.09861228867	6.0
容改色	0.0014880952381	1.09861228867	6.0
寸步难移	0.006	1.09861228867	6.0
寿延千纪	0.0017523364486	1.09861228867	6.0
程遥远	0.0014245014245	1.09861228867	6.0
磬槌	0.00757575757576	1.09861228867	6.0
磨博士	0.00175438596491	1.09861228867	6.0
磕磕撞撞	0.00209205020921	1.09861228867	6.0
磕头撞脑	0.00480769230769	1.09861228867	6.0
射冲斗府	0.00179856115108	1.09861228867	6.0
碑刻	0.00198412698413	1.09861228867	6.0
稀柿衕	0.00862068965517	1.09861228867	6.0
碎尸万段	0.00252100840336	1.09861228867	6.0
硬弩	0.00257289879931	1.09861228867	6.0
眼珠酸痛	0.0010060362173	1.09861228867	6.0
穹高上帝	0.00133689839572	1.09861228867	6.0
盔贯	0.00147783251232	1.09861228867	6.0
盘诘	0.0021186440678	1.09861228867	6.0
眉皱	0.00128424657534	1.09861228867	6.0
眼中垂泪	0.0010060362173	1.09861228867	6.0
少年代	0.00132978723404	1.09861228867	6.0
尊卑	0.00128205128205	1.09861228867	6.0
鹤声鸣	0.00528169014085	1.09861228867	6.0
安营下寨	0.00102040816327	1.09861228867	6.0
乌巢	0.00137892995036	1.08889997535	20.0
剖腹	0.00194269062652	1.07354284641	16.0
眼无珠	0.0010060362173	1.07354284641	16.0
给孤	0.00235849056604	1.06094424079	28.0
望妖精劈	0.00114155251142	1.05492016799	10.0
壁上挂	0.00104427736007	1.05492016799	10.0
康张姚李	0.00160256410256	1.05492016799	10.0
簸箕	0.0625	1.05492016799	10.0
弥陀	0.00338036449148	1.0413800051	46.0
魑魅	0.0266666666667	1.03972077084	8.0
鼾鼾	0.0138888888889	1.03972077084	8.0
饶你死罪	0.00123456790123	1.03972077084	8.0
驾下钦差	0.00141242937853	1.03972077084	8.0
鹦鹉	0.0333333333333	1.03972077084	8.0
魏征处斩	0.00714285714286	1.03972077084	8.0
乐口乐	0.00205761316872	1.03972077084	8.0
鸦鹊	0.00350877192982	1.03972077084	8.0
鹧鸪	0.125	1.03972077084	8.0
丁力士	0.00129198966408	1.03972077084	8.0
伏龙寺	0.00151515151515	1.03972077084	8.0
摸了一摸	0.00196656833825	1.03972077084	8.0
糊糊	0.00554016620499	1.03972077084	8.0
粒金丹	0.0017825311943	1.03972077084	8.0
威风凛凛	0.00168067226891	1.03972077084	8.0
砖砌	0.002331002331	1.03972077084	8.0
监校尉	0.00125313283208	1.03972077084	8.0
痴痴	0.00146092037984	1.03972077084	8.0
瑜伽	0.00615384615385	1.03972077084	8.0
差鬼使押	0.00162337662338	1.03972077084	8.0
广施法力	0.00108873162765	1.03972077084	8.0
玄龄	0.0010157440325	1.03972077084	8.0
猱狮雪狮	0.00359712230216	1.03972077084	8.0
底神珍	0.00174825174825	1.03972077084	8.0
府州县	0.00119904076739	1.03972077084	8.0
戈戟	0.00231481481481	1.03972077084	8.0
漏消息	0.0019550342131	1.03972077084	8.0
清风明月	0.00117508813161	1.03972077084	8.0
涤虑	0.0034188034188	1.03972077084	8.0
扭扭捏捏	0.00943396226415	1.03972077084	8.0
泥塑	0.00490196078431	1.03972077084	8.0
求配偶	0.00102880658436	1.03972077084	8.0
求经者适	0.00102880658436	1.03972077084	8.0
楮白枪	0.00251256281407	1.03972077084	8.0
椰子酒	0.00133333333333	1.03972077084	8.0
揩了眼泪	0.00265957446809	1.03972077084	8.0
揪着耳朵	0.0018018018018	1.03972077084	8.0
搅乱蟠桃	0.00210084033613	1.03972077084	8.0
搅海翻江	0.00316455696203	1.03972077084	8.0
颗颗	0.00118976799524	1.03972077084	8.0
纻丝	0.0045045045045	1.03972077084	8.0
绿莎	0.0028129395218	1.03972077084	8.0
缥缈瑞	0.00138888888889	1.03972077084	8.0
韩司	0.00340136054422	1.03972077084	8.0
依卿所奏	0.0012084592145	1.03972077084	8.0
锋芒	0.00176366843034	1.03972077084	8.0
钥匙	0.0416666666667	1.03972077084	8.0
释迦牟尼	0.0142857142857	1.03972077084	8.0
冲一撞	0.00209205020921	1.03972077084	8.0
凋零	0.00625	1.03972077084	8.0
辛万苦	0.00146198830409	1.03972077084	8.0
刀弄杖	0.00170648464164	1.03972077084	8.0
躁如雷	0.00186567164179	1.03972077084	8.0
踉跄	0.0246913580247	1.03972077084	8.0
败不许胜	0.00184501845018	1.03972077084	8.0
豆腐面筋	0.0028901734104	1.03972077084	8.0
叱咤	0.0165289256198	1.03972077084	8.0
设朝聚集	0.00359712230216	1.03972077084	8.0
吵吵	0.0032	1.03972077084	8.0
蝉脱壳	0.00892857142857	1.03972077084	8.0
唧唧哝哝	0.0333333333333	1.03972077084	8.0
啄木虫	0.00344827586207	1.03972077084	8.0
萝卜	0.00431034482759	1.03972077084	8.0
腰挎	0.0015037593985	1.03972077084	8.0
腌脏	0.00701754385965	1.03972077084	8.0
股瀑布	0.00299401197605	1.03972077084	8.0
聆音	0.00123839009288	1.03972077084	8.0
耳红面赤	0.0016835016835	1.03972077084	8.0
晓谕	0.00164203612479	1.03972077084	8.0
血淋淋	0.00275689223058	1.03356205421	22.0
瞑目	0.00337457817773	1.01140426471	12.0
敲着梆	0.00505050505051	1.01140426471	12.0
紫竹林	0.00128571428571	1.00271826452	18.0
